image: house.pgm
resolution: 0.050000
origin: [-5.400000, -1.837479, 0.000000]
negate: 0
occupied_thresh: 0.65
free_thresh: 0.196

