image: testFile.pgm
resolution: 0.050000
origin: [-1.215082, -2.364095, 0.000000]
negate: 0
occupied_thresh: 0.65
free_thresh: 0.196

